 1.0000000000000000E-10   1.0000000000000000E-010   1.0000000000000000E-010   9.8239648342132569E-011   1.0000000000000000E-010  -1.0000000000000000E-010  -1.0000000000000000E-010  -9.8239648342132569E-011  -1.0000000000000000E-010   9.8239648342132569E-011
 1.1859854279082867E-10   1.1859854279082867E-010   1.1859854279082867E-010   1.1651079137660369E-010   1.1859854279082867E-010  -1.1859854279082867E-010  -1.1859854279082867E-010  -1.1651079137660369E-010  -1.1859854279082867E-010   1.1651079137660369E-010
 1.4821268245788317E-10   1.4821268245788317E-010   1.4821268245788317E-010   1.4560361804506604E-010   1.4821268245788317E-010  -1.4821268245788317E-010  -1.4821268245788317E-010  -1.4560361804506604E-010  -1.4821268245788317E-010   1.4560361804506604E-010
 1.9536676748933399E-10   1.9536676748933399E-010   1.9536676748933399E-010   1.9192762535891348E-010   1.9536676748933399E-010  -1.9536676748933399E-010  -1.9536676748933399E-010  -1.9192762535891348E-010  -1.9536676748933399E-010   1.9192762535891348E-010
 2.7044940572065585E-10   2.7044940572065585E-010   2.7044940572065585E-010   2.6568854512335969E-010   2.7044940572065585E-010  -2.7044940572065585E-010  -2.7044940572065585E-010  -2.6568854512335969E-010  -2.7044940572065585E-010   2.6568854512335969E-010
 3.9000219865504369E-10   3.9000219865504369E-010   3.9000219865504369E-010   3.8313678848530021E-010   3.9000219865504369E-010  -3.9000219865504369E-010  -3.9000219865504369E-010  -3.8313678848530021E-010  -3.9000219865504369E-010   3.8313678848530021E-010
 5.8036405374034012E-10   5.8036405374034012E-010   5.8036405374034012E-010   5.7014760549865541E-010   5.8036405374034012E-010  -5.8036405374034012E-010  -5.8036405374034012E-010  -5.7014760549865541E-010  -5.8036405374034012E-010   5.7014760549865541E-010
 8.8347396010114807E-10   8.8347396010114807E-010   8.8347396010114807E-010   8.6792171159768044E-010   8.8347396010114807E-010  -8.8347396010114807E-010  -8.8347396010114807E-010  -8.6792171159768044E-010  -8.8347396010114807E-010   8.6792171159768044E-010
 1.3661106484906923E-09   1.3661106484906923E-009   1.3661106484906923E-009   1.3420622970416830E-009   1.3661106484906923E-009  -1.3661106484906923E-009  -1.3661106484906923E-009  -1.3420622970416830E-009  -1.3661106484906923E-009   1.3420622970416830E-009
 2.1346047428484896E-09   2.1346047428484896E-009   2.1346047428484896E-009   2.0970281928688395E-009   2.1346047428484896E-009  -2.1346047428484896E-009  -2.1346047428484896E-009  -2.0970281928688395E-009  -2.1346047428484896E-009   2.0970281928688395E-009
 3.3582646660786563E-09   3.3582646660786563E-009   3.3582646660786563E-009   3.2991473983537643E-009   3.3582646660786563E-009  -3.3582646660786563E-009  -3.3582646660786563E-009  -3.2991473983537643E-009  -3.3582646660786563E-009   3.2991473983537643E-009
 5.3066773067391336E-09   5.3066773067391336E-009   5.3066773067391336E-009   5.2132611247922761E-009   5.3066773067391336E-009  -5.3066773067391336E-009  -5.3066773067391336E-009  -5.2132611247922761E-009  -5.3066773067391336E-009   5.2132611247922761E-009
 8.4091012287910935E-09   8.4091012287910935E-009   8.4091012287910935E-009   8.2610714758983193E-009   8.4091012287910935E-009  -8.4091012287910935E-009  -8.4091012287910935E-009  -8.2610714758983193E-009  -8.4091012287910935E-009   8.2610714758983193E-009
 1.3349037457524212E-08   1.3349037457524212E-008   1.3349037457524212E-008   1.3114047455331340E-008   1.3349037457524212E-008  -1.3349037457524212E-008  -1.3349037457524212E-008  -1.3114047455331340E-008  -1.3349037457524212E-008   1.3114047455331340E-008
 2.1214812914738248E-08   2.1214812914738244E-008   2.1214812914738244E-008   2.0841357603880178E-008   2.1214812914738248E-008  -2.1214812914738244E-008  -2.1214812914738244E-008  -2.0841357603880178E-008  -2.1214812914738248E-008   2.0841357603880178E-008
 3.3739351831544822E-08   3.3739351831544815E-008   3.3739351831544815E-008   3.3145420592224491E-008   3.3739351831544815E-008  -3.3739351831544815E-008  -3.3739351831544815E-008  -3.3145420592224491E-008  -3.3739351831544815E-008   3.3145420592224491E-008
 5.3681959643306814E-08   5.3681959643306787E-008   5.3681959643306787E-008   5.2736968376750111E-008   5.3681959643306787E-008  -5.3681959643306787E-008  -5.3681959643306787E-008  -5.2736968376750111E-008  -5.3681959643306787E-008   5.2736968376750111E-008
 8.5436230916325085E-08   8.5436230916324979E-008   8.5436230916324979E-008   8.3932252808970027E-008   8.5436230916324979E-008  -8.5436230916324979E-008  -8.5436230916324979E-008  -8.3932252808970027E-008  -8.5436230916324979E-008   8.3932252808970027E-008
 1.3599801067943730E-07   1.3599801067943687E-007   1.3599801067943687E-007   1.3360396744377474E-007   1.3599801067943687E-007  -1.3599801067943687E-007  -1.3599801067943687E-007  -1.3360396744377474E-007  -1.3599801067943687E-007   1.3360396744377474E-007
 2.1650666259694307E-07   2.1650666259694137E-007   2.1650666259694137E-007   2.1269538397252292E-007   2.1650666259694137E-007  -2.1650666259694137E-007  -2.1650666259694137E-007  -2.1269538397252292E-007  -2.1650666259694137E-007   2.1269538397252292E-007
 3.4469920376027436E-07   3.4469920376026753E-007   3.4469920376026753E-007   3.3863128561221880E-007   3.4469920376026753E-007  -3.4469920376026753E-007  -3.4469920376026753E-007  -3.3863128561221880E-007  -3.4469920376026753E-007   3.3863128561221880E-007
 5.4881798128931717E-07   5.4881798128928965E-007   5.4881798128928965E-007   5.3915685485699293E-007   5.4881798128928965E-007  -5.4881798128928965E-007  -5.4881798128928965E-007  -5.3915685485699293E-007  -5.4881798128928965E-007   5.3915685485699293E-007
 8.7383279854662940E-07   8.7383279854651823E-007   8.7383279854651823E-007   8.5845026839033092E-007   8.7383279854651823E-007  -8.7383279854651823E-007  -8.7383279854651823E-007  -8.5845026839033092E-007  -8.7383279854651823E-007   8.5845026839033092E-007
 1.3913482996463491E-06   1.3913482996459002E-006   1.3913482996459002E-006   1.3668556767864368E-006   1.3913482996459002E-006  -1.3913482996459002E-006  -1.3913482996459002E-006  -1.3668556767864368E-006  -1.3913482996459002E-006   1.3668556767864368E-006
 2.2153793273347229E-06   2.2153793273329107E-006   2.2153793273329107E-006   2.1763808606164101E-006   2.2153793273329107E-006  -2.2153793273329107E-006  -2.2153793273329107E-006  -2.1763808606164101E-006  -2.2153793273329107E-006   2.1763808606164101E-006
 3.5274697539021028E-06   3.5274697538947874E-006   3.5274697538947874E-006   3.4653738816023640E-006   3.5274697538947874E-006  -3.5274697538947874E-006  -3.5274697538947874E-006  -3.4653738816023640E-006  -3.5274697538947874E-006   3.4653738816023640E-006
 5.6166887634329083E-06   5.6166887634033765E-006   5.6166887634033765E-006   5.5178152896437321E-006   5.6166887634033765E-006  -5.6166887634033765E-006  -5.6166887634033765E-006  -5.5178152896437321E-006  -5.6166887634033765E-006   5.5178152896437321E-006
 8.9433162438299417E-06   8.9433162437107235E-006   8.9433162437107235E-006   8.7858824279631111E-006   8.9433162437107235E-006  -8.9433162437107235E-006  -8.9433162437107235E-006  -8.7858824279631111E-006  -8.9433162437107235E-006   8.7858824279631111E-006
 1.4240247940721752E-05   1.4240247940240468E-005   1.4240247940240468E-005   1.3989569499608146E-005   1.4240247940240468E-005  -1.4240247940240468E-005  -1.4240247940240468E-005  -1.3989569499608146E-005  -1.4240247940240468E-005   1.3989569499608146E-005
 2.2674461139185644E-05   2.2674461137242703E-005   2.2674461137242703E-005   2.2275310884975802E-005   2.2674461137242703E-005  -2.2674461137242703E-005  -2.2674461137242703E-005  -2.2275310884975802E-005  -2.2674461137242703E-005   2.2275310884975802E-005
 3.6104113690469987E-05   3.6104113682626327E-005   3.6104113682626327E-005   3.5468554319966285E-005   3.6104113682626327E-005  -3.6104113682626327E-005  -3.6104113682626327E-005  -3.5468554319966285E-005  -3.6104113682626327E-005   3.5468554319966285E-005
 5.7487918368429447E-05   5.7487918336764516E-005   5.7487918336764516E-005   5.6475928817732562E-005   5.7487918336764516E-005  -5.7487918336764516E-005  -5.7487918336764516E-005  -5.6475928817732562E-005  -5.7487918336764516E-005   5.6475928817732562E-005
 9.1536982613310908E-05   9.1536982485479216E-005   9.1536982485479216E-005   8.9925609714831172E-005   9.1536982485479216E-005  -9.1536982485479216E-005  -9.1536982485479216E-005  -8.9925609714831172E-005  -9.1536982485479216E-005   8.9925609714831172E-005
 1.4575272173980103E-04   1.4575272122374273E-004   1.4575272122374273E-004   1.4318696085235117E-004   1.4575272122374273E-004  -1.4575272122374273E-004  -1.4575272122374273E-004  -1.4318696085235117E-004  -1.4575272122374273E-004   1.4318696085235117E-004
 2.3207951027918102E-04   2.3207950819584584E-004   2.3207950819584584E-004   2.2799409302068393E-004   2.3207950819584584E-004  -2.3207950819584584E-004  -2.3207950819584584E-004  -2.2799409302068393E-004  -2.3207950819584584E-004   2.2799409302068393E-004
 3.6953617027483027E-04   3.6953616186437299E-004   3.6953616186437299E-004   3.6303102710322796E-004   3.6953616186437304E-004  -3.6953616186437299E-004  -3.6953616186437299E-004  -3.6303102710322796E-004  -3.6953616186437304E-004   3.6303102710322796E-004
 5.8840604481603931E-04   5.8840601086288565E-004   5.8840601086288565E-004   5.7804800070235902E-004   5.8840601086288565E-004  -5.8840601086288565E-004  -5.8840601086288565E-004  -5.7804800070235902E-004  -5.8840601086288565E-004   5.7804800070235902E-004
 9.3690878002873309E-04   9.3690864295928723E-004   9.3690864295928723E-004   9.2041577553493396E-004   9.3690864295928723E-004  -9.3690864295928723E-004  -9.3690864295928723E-004  -9.2041577553493396E-004  -9.3690864295928723E-004   9.2041577553493396E-004
 1.4918236887402083E-03   1.4918231353885721E-003   1.4918231353885721E-003   1.4655618804293097E-003   1.4918231353885721E-003  -1.4918231353885721E-003  -1.4918231353885721E-003  -1.4655618804293097E-003  -1.4918231353885721E-003   1.4655618804293097E-003
 2.3754051496499328E-03   2.3754029157603239E-003   2.3754029157603239E-003   2.3335877873991366E-003   2.3754029157603235E-003  -2.3754029157603239E-003  -2.3754029157603239E-003  -2.3335877873991366E-003  -2.3754029157603235E-003   2.3335877873991366E-003
 3.7823167063716708E-03   3.7823076881249619E-003   3.7823076881249619E-003   3.7157270487238664E-003   3.7823076881249619E-003  -3.7823076881249619E-003  -3.7823076881249619E-003  -3.7157270487238664E-003  -3.7823076881249619E-003   3.7157270487238664E-003
 6.0225177698924439E-03   6.0224813631155581E-003   6.0224813631155581E-003   5.9164696665853058E-003   6.0224813631155581E-003  -6.0224813631155581E-003  -6.0224813631155581E-003  -5.9164696665853058E-003  -6.0224813631155581E-003   5.9164696665853058E-003
 9.5895513769609624E-03   9.5894044025854556E-003   9.5894044025854556E-003   9.4206179695496498E-003   9.5894044025854538E-003  -9.5894044025854556E-003  -9.5894044025854556E-003  -9.4206179695496498E-003  -9.5894044025854538E-003   9.4206179695496498E-003
 1.5269277612765570E-02   1.5268684278868508E-002   1.5268684278868508E-002   1.4999985733487996E-002   1.5268684278868506E-002  -1.5268684278868508E-002  -1.5268684278868508E-002  -1.4999985733487996E-002  -1.5268684278868506E-002   1.4999985733487996E-002
 2.4313007968925212E-02   2.4310612712626765E-002   2.4310612712626765E-002   2.3882999471545076E-002   2.4310612712626765E-002  -2.4310612712626765E-002  -2.4310612712626765E-002  -2.3882999471545076E-002  -2.4310612712626765E-002   2.3882999471545076E-002
 3.8713184202654849E-02   3.8703514950465742E-002   3.8703514950465742E-002   3.8023565233743735E-002   3.8703514950465742E-002  -3.8703514950465742E-002  -3.8703514950465742E-002  -3.8023565233743735E-002  -3.8703514950465742E-002   3.8023565233743735E-002
 6.1642337040701718E-02   6.1603306593684286E-002   6.1603306593684286E-002   6.0524391003258272E-002   6.1603306593684279E-002  -6.1603306593684286E-002  -6.1603306593684286E-002  -6.0524391003258272E-002  -6.1603306593684279E-002   6.0524391003258272E-002
 9.8152032570611794E-02   9.7994511939137621E-002   9.7994511939137621E-002   9.6291700037083830E-002   9.7994511939137621E-002  -9.7994511939137621E-002  -9.7994511939137621E-002  -9.6291700037083830E-002  -9.7994511939137621E-002   9.6291700037083830E-002
 1.5628579255300978E-01   1.5565034919426007E-001   1.5565034919426007E-001   1.5299966139324730E-001   1.5565034919426005E-001  -1.5565034919426007E-001  -1.5565034919426007E-001  -1.5299966139324730E-001  -1.5565034919426005E-001   1.5299966139324730E-001
 2.4885117828520295E-01   2.4629068860878761E-001   2.4629068860878761E-001   2.4231091352307993E-001   2.4629068860878753E-001  -2.4629068860878761E-001  -2.4629068860878761E-001  -2.4231091352307993E-001  -2.4629068860878753E-001   2.4231091352307993E-001
 3.9624144924555649E-01   3.8595374536996746E-001   3.8595374536996746E-001   3.8054782784721630E-001   3.8595374536996735E-001  -3.8595374536996746E-001  -3.8595374536996746E-001  -3.8054782784721630E-001  -3.8595374536996735E-001   3.8054782784721630E-001
 6.3092844160160710E-01   5.8989471026595530E-001   5.8989471026595530E-001   5.8462563794652322E-001   5.8989471026595530E-001  -5.8989471026595530E-001  -5.8989471026595530E-001  -5.8462563794652322E-001  -5.8989471026595530E-001   5.8462563794652322E-001
 1.0046165013511186E+00   8.4395631553861183E-001   8.4395631553861183E-001   8.4484387215844547E-001   8.4395631553861150E-001  -8.4395631553861183E-001  -8.4395631553861183E-001  -8.4484387215844547E-001  -8.4395631553861150E-001   8.4484387215844547E-001
 1.5996335689672834E+00   9.9958423554515419E-001   9.9958423554515430E-001   1.0010383009251487E+000   9.9958423554515385E-001  -9.9958423554515419E-001  -9.9958423554515430E-001  -1.0010383009251487E+000  -9.9958423554515385E-001   9.9786330659897959E-001
 2.5470690074767841E+00   5.6011419916386795E-001   5.6011419916386807E-001   5.5460942381311917E-001   5.6011419916386807E-001  -5.6011419916386795E-001  -5.6011419916386807E-001  -5.5460942381311917E-001  -5.6011419916386807E-001   1.8655378090264474E-001
 4.0556541540170246E+00  -7.9198994972715753E-001  -7.9198994972715742E-001  -7.9094653721906361E-001  -7.9198994972715708E-001   7.9198994972715753E-001   7.9198994972715742E-001   7.9094653721906361E-001   7.9198994972715708E-001  -6.3940454764304933E-001
 6.4577483251429975E+00   1.7367781317557560E-001   1.7367781317557535E-001   1.7074465491368451E-001   1.7367781317557532E-001  -1.7367781317557560E-001  -1.7367781317557535E-001  -1.7074465491368451E-001  -1.7367781317557532E-001   1.7074465491368451E-001
 1.0282561541811814E+01  -7.5639462785123202E-001  -7.5639462785123179E-001  -7.5423533354297989E-001  -7.5639462785123146E-001   7.5639462785123202E-001   7.5639462785123179E-001   7.5423533354297989E-001   7.5639462785123146E-001  -5.7430217143718620E-001
 1.6372745814457222E+01  -6.1688800033766167E-001  -6.1688800033766111E-001  -6.1190871182090101E-001  -6.1688800033766122E-001   6.1688800033766167E-001   6.1688800033766111E-001   6.1190871182090101E-001   6.1688800033766122E-001  -3.0392283679627746E-001
 2.6070041440066969E+01   8.0596285623608277E-001   8.0596285623608210E-001   8.0540406005701703E-001   8.0596285623608177E-001  -8.0596285623608277E-001  -8.0596285623608210E-001  -8.0540406005701703E-001  -8.0596285623608177E-001   8.0540406005701703E-001
 4.1510878406667203E+01  -6.2112229207093517E-001  -6.2112229207093672E-001  -6.1619532864121307E-001  -6.2112229207093661E-001   6.2112229207093517E-001   6.2112229207093672E-001   6.1619532864121307E-001   6.2112229207093661E-001  -3.1250082498847787E-001
 6.6097057423369804E+01  -1.2329714365824275E-001  -1.2329714365824374E-001  -1.2117100912157017E-001  -1.2329714365824372E-001   1.2329714365824275E-001   1.2329714365824374E-001   1.2117100912157017E-001   1.2329714365824372E-001   8.8731655035057300E-001
 1.0524520722566952E+02  -9.9999828258368506E-001  -9.9999828258368517E-001  -1.0000995138469468E+000  -9.9999828258368462E-001   9.9999828258368506E-001   9.9999828258368517E-001   1.0000995138469468E+000   9.9999828258368462E-001  -1.0000995138469468E+000
 1.6758013254701041E+02  -8.7993335552328811E-001  -8.7993335552328689E-001  -8.8234141402392885E-001  -8.7993335552328655E-001   8.7993335552328811E-001   8.7993335552328689E-001   8.8234141402392885E-001   8.7993335552328655E-001  -7.9393958731743441E-001
 2.6683496156038336E+02   1.9907505617529025E-001   1.9907505617529697E-001   1.9575792303940470E-001   1.9907505617529692E-001  -1.9907505617529025E-001  -1.9907505617529697E-001  -1.9575792303940470E-001  -1.9907505617529692E-001  -6.7609466889900127E-001
 4.2487671795438928E+02  -6.9015970405510252E-001  -6.9015970405507776E-001  -6.8636761025389004E-001  -6.9015970405507754E-001   6.9015970405510252E-001   6.9015970405507776E-001   6.8636761025389004E-001   6.9015970405507754E-001  -4.4902849139419115E-001
 6.7652388728996925E+02  -8.8264818735055772E-001  -8.8264818735053696E-001  -8.8517535402102687E-001  -8.8264818735053685E-001   8.8264818735055772E-001   8.8264818735053696E-001   8.8517535402102687E-001   8.8264818735053685E-001  -7.9857494988887479E-001
 1.0772173450160087E+03   3.4189733657334676E-001   3.4189733657329607E-001   3.3683893437096707E-001   3.4189733657329596E-001  -3.4189733657334676E-001  -3.4189733657329607E-001  -3.3683893437096707E-001  -3.4189733657329596E-001  -3.0867528816088513E-001
 1.7152346431575238E+03  -7.4875562305781587E-002  -7.4875562305756149E-002  -7.3567402166662188E-002  -7.4875562305756149E-002   7.4875562305781587E-002   7.4875562305756149E-002   7.3567402166662188E-002   7.4875562305756149E-002  -7.3567402166662188E-002
 2.7311386088422405E+03  -8.8874169195161690E-001  -8.8874169195164798E-001  -8.9153758358496071E-001  -8.8874169195164765E-001   8.8874169195161690E-001   8.8874169195164798E-001   8.9153758358496071E-001   8.8874169195164765E-001  -8.0895174393996894E-001
 4.3487450130889674E+03   7.0383408764878475E-001   7.0383408764852295E-001   7.0033341404432681E-001   7.0383408764852284E-001  -7.0383408764878475E-001  -7.0383408764852295E-001  -7.0033341404432681E-001  -7.0383408764852284E-001   7.0033341404432681E-001
 6.9244318569694251E+03   3.5381654009753527E-001   3.5381654009700370E-001   3.4865366376171497E-001   3.5381654009700353E-001  -3.5381654009753527E-001  -3.5381654009700370E-001  -3.4865366376171497E-001  -3.5381654009700353E-001   3.4865366376171497E-001
 1.1025653699515235E+04  -9.7268133183125294E-001  -9.7268133183153904E-001  -9.7842484014231124E-001  -9.7268133183153849E-001   9.7268133183125294E-001   9.7268133183153904E-001   9.7842484014231124E-001   9.7268133183153849E-001  -9.7842484014231124E-001
 1.7555958671075674E+04   6.7349205400416157E-001   6.7349205400232171E-001   6.6937550995124251E-001   6.7349205400232159E-001  -6.7349205400416157E-001  -6.7349205400232171E-001  -6.6937550995124251E-001  -6.7349205400232159E-001   6.6937550995124251E-001
 2.7954050912561182E+04   1.5880573444835483E-001   1.5880573444770688E-001   1.5610505738147001E-001   1.5880573444770685E-001  -1.5880573444835483E-001  -1.5880573444770688E-001  -1.5610505738147001E-001  -1.5880573444770685E-001   1.5610505738147001E-001
 4.4510754272251797E+04   6.2063805925658289E-001   6.2063805925733950E-001   6.1570501553185986E-001   6.2063805925733950E-001  -6.2063805925658289E-001  -6.2063805925733950E-001  -6.1570501553185986E-001  -6.2063805925733950E-001   6.1570501553185986E-001
 7.0873708146340199E+04  -5.8275817517321704E-001  -5.8275817517278294E-001  -5.7742479356266962E-001  -5.8275817517278294E-001   5.8275817517321704E-001   5.8275817517278294E-001   5.7742479356266962E-001   5.8275817517278294E-001  -5.7742479356266962E-001
 1.1285098598169617E+05  -9.6496778297622465E-001  -9.6496778297790642E-001  -9.7066332530209809E-001  -9.6496778297790586E-001   9.6496778297622465E-001   9.6496778297790642E-001   9.7066332530209809E-001   9.6496778297790586E-001  -9.7066332530209809E-001
 1.7969068319023080E+05  -8.4586397919244771E-001  -8.4586397918706102E-001  -8.4682884669200853E-001  -8.4586397918706069E-001   8.4586397919244771E-001   8.4586397918706102E-001   8.4682884669200853E-001   8.4586397918706069E-001  -7.3510264999913866E-001
 2.8611838296751078E+05   8.2693482713466815E-001   8.2693482712096944E-001   8.2715181330929533E-001   8.2693482712096900E-001  -8.2693482713466815E-001  -8.2693482712096944E-001  -8.2715181330929533E-001  -8.2693482712096900E-001   8.2715181330929533E-001
 4.5558137805774243E+05   1.7686937567536659E-001   1.7686937565215263E-001   1.7388702988803378E-001   1.7686937565215261E-001  -1.7686937567536659E-001  -1.7686937565215263E-001  -1.7388702988803378E-001  -1.7686937565215261E-001   1.7388702988803378E-001
 7.2541438924796833E+05   9.7475352200392562E-001   9.7475352202116838E-001   9.8048413174605653E-001   9.7475352202116783E-001  -9.7475352200392562E-001  -9.7475352202116838E-001  -9.8048413174605653E-001  -9.7475352202116783E-001   9.5254372048501068E-001
 1.1550648500415804E+06   9.8172265863580443E-001   9.8172265864415664E-001   9.8728882913521021E-001   9.8172265864415609E-001  -9.8172265863580443E-001  -9.8172265864415664E-001  -9.8728882913521021E-001  -9.8172265864415609E-001   9.6428299744621959E-001
 1.8391898859143096E+06   8.4976425141377643E-001   8.4976425133976796E-001   8.5088847127148592E-001   8.4976425133976774E-001  -8.4976425141377643E-001  -8.4976425133976796E-001  -8.5088847127148592E-001  -8.4976425133976774E-001   8.5088847127148592E-001
 2.9285104090283299E+06  -5.4905996157515247E-001  -5.4905996167258908E-001  -5.4348900413646084E-001  -5.4905996167258908E-001   5.4905996157515247E-001   5.4905996167258908E-001   5.4348900413646084E-001   5.4905996167258908E-001  -5.4348900413646084E-001
 4.6630167344160732E+06   8.5428574634966659E-001   8.5428574630271514E-001   8.5559680356364343E-001   8.5428574630271492E-001  -8.5428574634966659E-001  -8.5428574630271514E-001  -8.5559680356364343E-001  -8.5428574630271492E-001   8.5559680356364343E-001
 7.4248413112723045E+06   9.4374488472420826E-001   9.4374488475448481E-001   9.4887063270592287E-001   9.4374488475448448E-001  -9.4374488472420826E-001  -9.4374488475448481E-001  -9.4887063270592287E-001  -9.4374488475448448E-001   9.4887063270592287E-001
 1.1822447063227035E+07  -6.3957661796252863E-001  -6.3957661774578656E-001  -6.3490022997045192E-001  -6.3957661774578656E-001   6.3957661796252863E-001   6.3957661774578656E-001   6.3490022997045192E-001   6.3957661774578656E-001  -6.3490022997045192E-001
 1.8824679033962257E+07  -9.8272423791889973E-001  -9.8272423775155626E-001  -9.8824645846661907E-001  -9.8272423775155571E-001   9.8272423791889973E-001   9.8272423775155626E-001   9.8824645846661907E-001   9.8272423775155571E-001  -9.6598686897395469E-001
 2.9974212515946999E+07   5.2089002889471625E-001   5.2089002793641215E-001   5.1519985355574682E-001   5.2089002793641215E-001  -5.2089002889471625E-001  -5.2089002793641215E-001  -5.1519985355574682E-001  -5.2089002793641215E-001   5.1519985355574682E-001
 4.7727422833091751E+07   9.9560705832146579E-001   9.9560705836426211E-001   9.9946017773143137E-001   9.9560705836426189E-001  -9.9560705832146579E-001  -9.9560705836426211E-001  -9.9946017773143137E-001  -9.9560705836426189E-001   9.8892712827685747E-001
 7.5995554147646427E+07   5.6522703237133198E-001   5.6522703283170750E-001   5.5975669901898273E-001   5.6522703283170750E-001  -5.6522703237133198E-001  -5.6522703283170750E-001  -5.5975669901898273E-001  -5.6522703283170750E-001   5.5975669901898273E-001
 1.2100641323971902E+08  -9.2286195877341259E-001  -9.2286196066317383E-001  -9.2715858612026048E-001  -9.2286196066317372E-001   9.2286195877341259E-001   9.2286196066317383E-001   9.2715858612026048E-001   9.2286196066317372E-001  -9.2715858612026048E-001
 1.9267642968552548E+08   9.5439561777160020E-001   9.5439561286345342E-001   9.5986257879075965E-001   9.5439561286345298E-001  -9.5439561777160020E-001  -9.5439561286345342E-001  -9.5986257879075965E-001  -9.5439561286345298E-001   9.5986257879075965E-001
 3.0679536367065799E+08  -7.9345880628223941E-001  -7.9345879468288572E-001  -7.9246510185164210E-001  -7.9345879468288527E-001   7.9345880628223941E-001   7.9345879468288572E-001   7.9246510185164210E-001   7.9345879468288527E-001  -6.4205849491036948E-001
 4.8850497864961290E+08   4.6563319224002264E-001   4.6563317221328054E-001   4.5990037266093664E-001   4.6563317221328049E-001  -4.6563319224002264E-001  -4.6563317221328054E-001  -4.5990037266093664E-001  -4.6563317221328049E-001   4.5990037266093664E-001
 7.7783807196523285E+08   4.7256684046745695E-001   4.7256676535003378E-001   4.6682629168267170E-001   4.7256676535003372E-001  -4.7256684046745695E-001  -4.7256676535003378E-001  -4.6682629168267170E-001  -4.7256676535003372E-001   4.6682629168267170E-001
 1.2385381779958539E+09   9.9617207219343884E-001   9.9617207683322972E-001   9.9984301064446635E-001   9.9617207683322950E-001  -9.9617207219343884E-001  -9.9617207683322972E-001  -9.9984301064446635E-001  -9.9617207683322950E-001   9.9984301064446635E-001
 1.9721030297188168E+09   2.1045529568697885E-001   2.1045543866874497E-001   2.0697204672975494E-001   2.1045543866874492E-001  -2.1045529568697885E-001  -2.1045543866874497E-001  -2.0697204672975494E-001  -2.1045543866874492E-001  -6.4539948515082168E-001
 3.1401457209171176E+09  -8.0479275836487174E-002  -8.0479039407073419E-002  -7.9074756237344335E-002  -8.0479039407073405E-002   8.0479275836487174E-002   8.0479039407073419E-002   7.9074756237344335E-002   8.0479039407073405E-002   1.0122213498623660E+000
 5.0000000000000000E+09   2.5187359800558717E-001   2.5187335837990499E-001   2.4782003429451605E-001   2.5187335837990488E-001  -2.5187359800558717E-001  -2.5187335837990499E-001  -2.4782003429451605E-001  -2.5187335837990488E-001  -5.3583242219029670E-001
