        64  19200000   8.115552E-10   7.158122E-11   7.861410E-11
       128   9600000   7.891789E-10   5.922933E-11   7.815755E-11
       256   4800000   7.820801E-10   5.559896E-11   7.820638E-11
       512   2400000   7.821216E-10   5.397380E-11   7.824137E-11
       384   3200000   7.822925E-10   5.445394E-11   7.814616E-11
       768   1600000   7.787305E-10   5.345378E-11   7.818034E-11
      1024   1200000   7.849886E-10   5.412191E-11   7.822021E-11
      1280    960000   7.830037E-10   5.425130E-11   7.815674E-11
      2048    600000   7.801286E-10   5.358154E-11   7.843262E-11
      4096    300000   7.781681E-10   5.305501E-11   7.829671E-11
      8192    150000   7.950879E-10   5.265462E-11   7.819661E-11
     12288    100000   7.931991E-10   5.241048E-11   7.856608E-11
     16384     75000   7.834082E-10   5.249268E-11   7.815674E-11
     25088     48979   7.826161E-10   9.428418E-11   1.259024E-10
     32768     37500   7.808097E-10   9.298584E-11   1.259489E-10
     51200      4800   7.823568E-10   9.384359E-11   1.255412E-10
     65536      3750   7.818441E-10   9.209798E-11   1.261027E-10
     76800      3200   7.784058E-10   9.289551E-11   1.248901E-10
    102400      2400   7.790690E-10   9.232585E-11   1.261108E-10
    115200      2133   7.787634E-10   9.295886E-11   1.257602E-10
    131072      1875   7.773926E-10   9.274902E-11   1.262085E-10
    179200      1371   7.808918E-10   9.241576E-11   1.261136E-10
    230400      1066   8.027763E-10   9.175657E-11   1.254975E-10
    262144       937   8.141142E-10   9.208199E-11   1.254372E-10
    524288       468   8.599982E-10   9.333782E-11   1.268346E-10
   1048576       234   8.720210E-10   1.041584E-10   1.336000E-10
   2097152       117   8.638048E-10   1.207947E-10   1.418285E-10
   4194304        58   8.709801E-10   1.292434E-10   2.685210E-10
