        64  19200000   1.901127E-09   1.595622E-10   1.776440E-10
       128   9600000   1.858705E-09   1.395833E-10   1.672314E-10
       256   4800000   1.866034E-09   9.311198E-11   2.943807E-10
       512   2400000   1.897118E-09   1.261401E-10   2.647396E-10
       384   3200000   1.899159E-09   1.290828E-10   2.421777E-10
       768   1600000   1.819487E-09   1.633789E-10   1.584953E-10
      1024   1200000   1.817919E-09   1.610913E-10   1.580778E-10
      1280    960000   1.817135E-09   1.607292E-10   1.578402E-10
      2048    600000   1.834257E-09   1.589412E-10   1.575594E-10
      4096    300000   1.876192E-09   1.675846E-10   1.860685E-10
      8192    150000   1.888826E-09   1.874951E-10   2.913062E-10
     12288    100000   1.912301E-09   1.861800E-10   2.821777E-10
     16384     75000   1.946122E-09   1.963607E-10   2.983748E-10
     25088     48979   2.144649E-09   2.441590E-10   4.378691E-10
     32768     37500   2.168625E-09   2.413737E-10   4.930428E-10
     51200      4800   2.200334E-09   3.000651E-10   5.406372E-10
     65536      3750   2.196989E-09   3.221069E-10   5.515137E-10
     76800      3200   2.209595E-09   3.317464E-10   5.549683E-10
    102400      2400   2.192399E-09   3.375203E-10   5.561117E-10
    115200      2133   2.195314E-09   3.380574E-10   5.564427E-10
    131072      1875   2.204679E-09   3.382690E-10   5.583455E-10
    179200      1371   2.190439E-09   3.380451E-10   5.586585E-10
    230400      1066   2.224698E-09   3.419496E-10   5.598144E-10
    262144       937   2.257914E-09   3.386775E-10   5.602923E-10
    524288       468   2.626704E-09   3.899672E-10   5.939761E-10
   1048576       234   2.943255E-09   5.462883E-10   7.719423E-10
   2097152       117   3.081053E-09   6.465749E-10   9.737911E-10
   4194304        58   3.165401E-09   6.977936E-10   1.145683E-09
