        64  19200000   6.898128E-10   4.456055E-11   6.499105E-11
       128   9600000   6.247078E-10   3.942139E-11   5.911458E-11
       256   4800000   6.165112E-10   3.236491E-11   5.531250E-11
       512   2400000   6.159652E-10   2.960286E-11   5.392660E-11
       384   3200000   6.131958E-10   3.027181E-11   5.367025E-11
       768   1600000   6.081641E-10   2.904541E-11   5.415120E-11
      1024   1200000   6.119206E-10   2.861491E-11   5.488607E-11
      1280    960000   6.078914E-10   2.886882E-11   5.398112E-11
      2048    600000   6.220825E-10   2.753011E-11   5.415527E-11
      4096    300000   6.343164E-10   3.284587E-11   5.870605E-11
      8192    150000   6.352458E-10   5.779704E-11   9.878581E-11
     12288    100000   6.293294E-10   5.830404E-11   8.811930E-11
     16384     75000   6.878882E-10   5.921468E-11   8.764079E-11
     25088     48979   6.707999E-10   5.970287E-11   9.157826E-11
     32768     37500   6.932153E-10   6.036784E-11   9.273682E-11
     51200      4800   7.605265E-10   1.082397E-10   1.651449E-10
     65536      3750   7.075033E-10   1.174194E-10   1.730672E-10
     76800      3200   7.073486E-10   1.180908E-10   1.709147E-10
    102400      2400   7.009562E-10   1.180379E-10   1.708903E-10
    115200      2133   7.416523E-10   1.164977E-10   1.728094E-10
    131072      1875   7.453898E-10   1.206584E-10   1.756999E-10
    179200      1371   7.191985E-10   1.274161E-10   1.860363E-10
    230400      1066   7.035037E-10   1.189912E-10   1.746086E-10
    262144       937   7.023196E-10   1.174536E-10   1.720074E-10
    524288       468   7.248332E-10   1.195679E-10   1.733976E-10
   1048576       234   8.237790E-10   1.269080E-10   1.842385E-10
   2097152       117   1.254689E-09   2.790394E-10   3.305093E-10
   4194304        58   1.393100E-09   3.870643E-10   4.718016E-10
